(
KX462889.1:0.00210,
KX462888.1:0.00210,
KX462887.1:0.00419);
